2.0489,0.92634
